UsedTime:177.948721243
UsedTime:133.038190202
UsedTime:126.37476158300001
