UsedTime:123.85156951900001
UsedTime:101.46514095399999
