UsedTime:49.786985589000004
UsedTime:247.579729795
