UsedTime:25.191223242
UsedTime:134.92068785100003
UsedTime:522.283168791
UsedTime:237.299249761
