UsedTime:0.43602975599999994
UsedTime:377.898068482
