UsedTime:169.878664656
UsedTime:366.48565647099997
UsedTime:226.981109027
